10,1;2019-04-01 00:00:00,[-999.0,9.5,29.0,3.0]
7,1;2019-04-01 00:00:00,[-999.0,6.4,-999.0,41.0]
5,1;2019-07-01 00:00:00,[7.9,-999.0,31.0,-999.0]
1,1;2019-07-01 00:00:00,[3.5,6.2,27.0,34.0]
3,1;2019-07-01 00:10:00,[8.1,-999.0,29.0,37.0]
1,1;2019-07-04 21:55:01,[-999.0,20.0,20.0,20.0]
1,1;2019-07-04 21:58:03,[40.0,100.0,28.0,35.0]
1,1;2019-07-05 13:54:54,[50.0,22.0,31.0,40.0]
7,1;2020-04-15 12:40:50,[-999.0,6.4,-999.0,41.0]
10,1;2020-04-20 17:30:40,[50.0,22.0,31.0,40.0]
5,2;2020-05-05 10:40:20,[-999.0,20.0,20.0,20.2]
3,1;2020-05-06 16:32:30,[7.9,-999.0,31.0,-999.4]
5,1;2020-05-12 23:27:30,[34.0,24.0,30.7,29.6]
